x    11111111 11111111 11111111 11111111 11111111 11111111 11111111 10111000
y    00000000 00000000 00000000 00000000 00000000 00000000 00000100 00101000
xor  11111111 11111111 11111111 11111111 11111111 11111111 11111011 10010000

x    11111111 11111111 11111111 11111111 11111111 11111111 11111111 10111000
y    00000000 00000000 00000000 00000000 00000000 00000000 00000100 00101000
or   11111111 11111111 11111111 11111111 11111111 11111111 11111111 10111000

x    11111111 11111111 11111111 11111111 11111111 11111111 11111111 10111000
y    00000000 00000000 00000000 00000000 00000000 00000000 00000100 00101000
and  00000000 00000000 00000000 00000000 00000000 00000000 00000100 00101000

x    11111111 11111111 11111111 11111111 11111111 11111111 11111111 10111000
not  00000000 00000000 00000000 00000000 00000000 00000000 00000000 01000111

x    11111111 11111111 11111111 11111111 11111111 11111111 11111111 10111000
shl  11111111 11111111 11111111 11111111 11111111 11111111 11111111 11100000

x    11111111 11111111 11111111 11111111 11111111 11111111 11111111 10111000
shr  11111111 11111111 11111111 11111111 11111111 11111111 11111111 00101110

x    11111111 11111111 11111111 11111111 11111111 11111111 11111111 10111000
sal  11111111 11111111 11111111 11111111 11111111 11111111 11111111 11100000

x    11111111 11111111 11111111 11111111 11111111 11111111 11111111 10111000
sar  11111111 11111111 11111111 11111111 11111111 11111111 11111111 11101110

x    11111111 11111111 11111111 11111111 11111111 11111111 11111111 10111000
rol  11111111 11111111 11111111 11111111 11111111 11111111 11111111 11100010

y    00000000 00000000 00000000 00000000 00000000 00000000 00000100 00101000
rol  00000000 00000000 00000000 00000000 00000000 00000000 00000100 10100000

x    11111111 11111111 11111111 11111111 11111111 11111111 11111111 10111000
ror  11111111 11111111 11111111 11111111 11111111 11111111 11111111 00101110

y    00000000 00000000 00000000 00000000 00000000 00000000 00000100 00101000
ror  00000000 00000000 00000000 00000000 00000000 00000000 00000100 00001010
